$ANSIBLE_VAULT;1.1;AES256
36333438386133663264306334353062636434396263363061616333316433613636313538363263
3637336232623466643035356362356439313334306536620a386164653930613131393337353363
62333535333864666334636666646165346433373737393334343730333261633434386330303330
3065363831633664650a326238336661616239383330376531316432346535366435373030356164
37323134623131303432356366653265383036613734646339376662353333306434653163326363
35303934303834326638393836343235346466326561636530343664316531623336393639393862
35383732386565636232343436393062616133623033346433383434383831343964343862393866
64313239656562653138343936313064383034386435333561616639353738303065663937393638
63336433636263626634653837346333373739656261646564653638646136633038356439333637
34353435626333393139383932376139323131666233613161666261353164663635316464323363
35616462393637643130393631666632353439313935316535626338343863323639396137666464
33316532646133636563
