$ANSIBLE_VAULT;1.1;AES256
38666265336430333362663433316630383661363433643834643936646333336664323063346463
3561636566373366626666646464393932343466363930380a336661363532393363663933643435
61656464346537666564663664656462356539363139363664613531353635376531323936633065
3139666366313230660a663863626263343030666139616262336337623232663666343633616533
35396463323765646366306466363062623366623464323966333833366539306462393734353336
35663434376533336261386336333733323035663463316433306438396564336435373533343637
39623838353032346635613132343764326362343737613830313039373334313830323639343763
31333130333630303031656130373263643635363064643231386466373833613637363566376532
64373832653537643961623835643833313133366336353365633836323333666562393430633762
33396331343038336139356430393139313138653332353435326565663961353936343638373134
66373639663261633832396236303036366461316135383866633936346332396135316339323238
33643135623539613935623331306330313862353735396661663936643333333536663635313864
66366234623163303332663534616230353265633138623562383035626263343535373861373931
66353961386334643362623535323634626537653637623464313762636439303937363739626537
39643061363163326236326639613666323432636261333365633162386364393239613238346664
35396333336537326466386665316330613832636464373732363962393462386538363962663839
66383032653631383234623537626562613665383633663338656562343838326436623536366566
36623363646661646461633332363465663137313664366636313234666465346464346237646432
66643262663730643666383566643663376366323438346136613662363861313239363136643438
61646134656134303835313538333562343438333363336365353430326437313665323530376361
35643338363931326136373432656334353066323661623133356232343261313138323939643535
39616366316566343963303730613231323462396134326364376562343837646535313237396136
36306531353435396532393064316431323135333933636433383765336164353431623065313636
66393163323731656135643263343365383034386565326462316331663063646232383763303737
36663039613431363534373332346134643864323831343234303436623364313065396437646530
65363666373031666635646534666562303961633330636538363533313966303637656133346637
61636137663162623036363130633437653161623637383038623134343661326261353837623738
32636365326662613862316465373438303739383931383732323636396462376462653036353334
36393139643534396236373563666239333030306137366432613236663663303062346631363262
64313165353737356331373061666239383063316562396338336335363036386664313830333138
32626332366466393739376132363032366565393935663739636561383732376136386362613563
66656565373861643439336236333834303739663334616232643862633965393431633964396334
66343734373263363930393539386134373235633565333232626638356132666364393037633634
33386531336232306234323631356165333133303331303330336335633264323235623338313031
38363166323866356538323030663631313535376534666635313930653366303063353265363162
32653335613066626262666530383134356266303338396532353137353765313930626164626230
35303535393062336137343462393337623963623535346635653964656664373931386465376439
64666136353534666263373535393066303530303963316537323261613835326439333034343437
30626265356239376266353162643262323631346539323061336239656164623833656264653366
65656263656238383938663733336638616633303935616562613130383664663764616431626166
30663933636238623535323031663165393236303632663739376563666666393833326163333338
65356464363630336662383334356232666264396130336539636438653938313438613261643061
36313436313936643332366131333066393536333036373862653661643531356432396235646335
64306165323936336332646363356463643938653763653366396565626636303166336466313631
30363837343133303663366137656531346135376336633137313461336464666365643239326537
30316163663331326135666331623234633132616464663562383933396233633962306436346134
35383331663638326136356563303631613831396266646363613365393739353838306631343234
36303036303037393163313937613839356533313363626332623633393261636434346562316638
30333232653539323939656338353033363736383639346362336433623135363636653630613134
36623861396430646137623939643735326264663235333831653762303661363435373063643035
35316634316264373032663239663561313961336638663361656337333037376538323138643733
36663163653632386339313362633037313236393163643561666331313230653337373739373131
6239
