$ANSIBLE_VAULT;1.1;AES256
32336438643233656435356435353831663838343262356132316130343165333162303234636533
3333356137363865333963353564363339383539663362320a303134373930356266383462303530
31656630653262353937643739316364376334646430323637313435353535633135306238643833
3162656630333337630a623936653633653566353662313836373466653136326339613564313430
61373964393633376362376531383161666630303764333639653164393731383262346134303434
39383664623239303434333830303863643161653737383336306437303263396365396334623431
34383031336338326235396639646564393235633065373233353235396565386231633462353734
32663164626332303462393037333431376164623965323730666338623833333238353532396266
66336139393564653639643638333431353233663466613135646261353766323535323761633362
38336163373434633635356130623439643032616135626234616537313132316530343462656136
30393763356262386237633936393536303966343931373533653164613930396566323937623964
35653537303630386439376564336135613138313662666661373132383131653336386365323433
34356362383337386266313734633762663439363065653235333536323366363436363830363361
61316165316264303165663539393264393262346633343439626563303539343365346265306135
32386134623330333130646133636362343764383530323534623762363230393230336636326565
66376164313866643736336435303366643266356332353534343261353834646462663361663032
35643037616364616366316531303031646261316665343966353466383731366365633937303962
30363334646233383632373732323039653832633635643438666134363365666632373831616162
61313864346661306531346630363464306435666134306232373631333138373739333037363437
37323533393662386332303637306432333532373165313736656332373236323631323361643463
61313535333834386234303932343738643037653435366164636331623330643936
